4022 -1
33009 -1
19006 -1
22014 -1
16002 -1
4025 -1
11025 -1
18 -1
10007 -1
26001 -1
12021 -1
18013 -1
33 -1
3005 -1
34003 -1
7013 -1
44027 -1
11019 -1
51004 -1
18031 -1
4009 -1
11026 -1
8032 -1
8018 -1
50023 -1
28022 -1
34023 -1
22021 -1
17023 -1
29018 -1
30023 -1
9020 -1
36032 -1
41017 -1
7025 -1
5012 -1
20014 -1
5033 -1
49031 -1
8012 -1
22020 -1
22034 -1
18030 -1
8015 -1
34020 -1
50017 -1
50033 -1
4016 -1
9021 -1
54011 -1
28005 -1
32027 -1
50030 -1
45019 -1
32012 -1
4 -1
52019 -1
28012 -1
10028 -1
50005 -1
26031 -1
50008 -1
51033 -1
37014 -1
3025 -1
46028 -1
10013 -1
35002 -1
41027 -1
19028 -1
37016 -1
1007 -1
13007 -1
8002 -1
10009 -1
51020 -1
35024 -1
23000 -1
3018 -1
16026 -1
30031 -1
52002 -1
1010 -1
21006 -1
13020 -1
45029 -1
51018 -1
47000 -1
26008 -1
3024 -1
34024 -1
12030 -1
26030 -1
6002 -1
19014 -1
15021 -1
5016 -1
43028 -1
27005 -1
24015 -1
39004 -1
11034 -1
22033 -1
35013 -1
34030 -1
26026 -1
45016 -1
3014 -1
20034 -1
19017 -1
50000 -1
16 -1
11033 -1
50015 -1
18033 -1
4033 -1
10002 -1
8028 -1
17000 -1
25001 -1
35003 -1
44022 -1
8 -1
26024 -1
12007 -1
28001 -1
51012 -1
19027 -1
14003 -1
48017 -1
34017 -1
21007 -1
26009 -1
19008 -1
39007 -1
21026 -1
5017 -1
34025 -1
34032 -1
39008 -1
31030 -1
28007 -1
9023 -1
2029 -1
16011 -1
49033 -1
10031 -1
8016 -1
38024 -1
17017 -1
46015 -1
24031 -1
42030 -1
38010 -1
42023 -1
10034 -1
9032 -1
16008 -1
20030 -1
48027 -1
43027 -1
10006 -1
1013 -1
12008 -1
16015 -1
29001 -1
9024 -1
5002 -1
51002 -1
11014 -1
48011 -1
40024 -1
13002 -1
16001 -1
48018 -1
33018 -1
9013 -1
17021 -1
40009 -1
17033 -1
21028 -1
51015 -1
51032 -1
23005 -1
32025 -1
5027 -1
54000 -1
3020 -1
9014 -1
27018 -1
9005 -1
52004 -1
4011 -1
41000 -1
23021 -1
52020 -1
51023 -1
29030 -1
17001 -1
12025 -1
45033 -1
41001 -1
14031 -1
20008 -1
45026 -1
3011 -1
20023 -1
27002 -1
30000 -1
1005 -1
28021 -1
19030 -1
37008 -1
45027 -1
29011 -1
45009 -1
54007 -1
18034 -1
19024 -1
10026 -1
28030 -1
1020 -1
30002 -1
26012 -1
14028 -1
16033 -1
1009 -1
22002 -1
11010 -1
12022 -1
9019 -1
11000 -1
5031 -1
50010 -1
5014 -1
54010 -1
33001 -1
2001 -1
3031 -1
51003 -1
16029 -1
26029 -1
24008 -1
15004 -1
4005 -1
30004 -1
4018 -1
7027 -1
22 -1
29010 -1
38025 -1
22011 -1
9018 -1
3019 -1
20017 -1
3 -1
17028 -1
3022 -1
11023 -1
52021 -1
1033 -1
8024 -1
31009 -1
52007 -1
12014 -1
31002 -1
14014 -1
32031 -1
14027 -1
3003 -1
10011 -1
24005 -1
26010 -1
2000 -1
40018 -1
1 -1
7009 -1
24001 -1
28010 -1
8026 -1
1012 -1
4029 -1
9001 -1
6010 -1
10020 -1
7012 -1
19013 -1
15014 -1
29003 -1
19032 -1
27001 -1
15022 -1
22024 -1
37021 -1
38016 -1
52011 -1
3010 -1
45012 -1
35022 -1
9033 -1
15019 -1
44005 -1
6018 -1
38003 -1
4023 -1
24007 -1
34016 -1
43029 -1
8022 -1
37011 -1
6027 -1
41019 -1
35027 -1
8020 -1
36033 -1
24023 -1
38028 -1
5011 -1
24033 -1
5010 -1
35014 -1
17027 -1
29025 -1
40028 -1
20004 -1
7 -1
2 -1
6001 -1
3032 -1
4007 -1
5015 -1
26013 -1
50027 -1
4003 -1
7028 -1
18008 -1
34033 -1
16009 -1
7008 -1
29031 -1
32019 -1
13015 -1
23025 -1
34026 -1
20031 -1
33003 -1
38018 -1
15034 -1
31019 -1
3029 -1
35004 -1
35009 -1
10024 -1
3013 -1
10001 -1
32030 -1
4015 -1
2034 -1
19 -1
54012 -1
4008 -1
3000 -1
12031 -1
10010 -1
51010 -1
40029 -1
52018 -1
39010 -1
33005 -1
12023 -1
11002 -1
41024 -1
1023 -1
39006 -1
41003 -1
11032 -1
18024 -1
35008 -1
27021 -1
37007 -1
24032 -1
44003 -1
31021 -1
1000 -1
19031 -1
8000 -1
54028 -1
25017 -1
23026 -1
27019 -1
42032 -1
32022 -1
12028 -1
20010 -1
1018 -1
12012 -1
30009 -1
23 -1
2026 -1
16016 -1
44012 -1
17011 -1
18016 -1
31003 -1
45011 -1
19000 -1
12006 -1
13025 -1
13000 -1
5005 -1
12011 -1
26021 -1
48019 -1
43025 -1
23014 -1
10015 -1
47008 -1
52014 -1
6023 -1
10019 -1
48014 -1
17006 -1
51000 -1
12033 -1
35001 -1
3028 -1
3015 -1
3021 -1
38030 -1
45017 -1
42031 -1
3027 -1
35029 -1
32018 -1
21022 -1
16032 -1
14029 -1
24022 -1
27004 -1
16027 -1
30 -1
52023 -1
6011 -1
28 -1
42022 -1
20005 -1
9016 -1
51025 -1
31029 -1
7011 -1
31027 -1
44015 -1
32021 -1
22028 -1
48008 -1
17009 -1
22031 -1
22012 -1
48001 -1
34031 -1
15020 -1
19009 -1
4012 -1
10008 -1
17 -1
15032 -1
13023 -1
32008 -1
43015 -1
16006 -1
47005 -1
51014 -1
6000 -1
37001 -1
13027 -1
7024 -1
5013 -1
1021 -1
37022 -1
21009 -1
29022 -1
44019 -1
28006 -1
28003 -1
43030 -1
19007 -1
45028 -1
32011 -1
51006 -1
44025 -1
12009 -1
38032 -1
44023 -1
52012 -1
39000 -1
24021 -1
17016 -1
48012 -1
4014 -1
25009 -1
7016 -1
41008 -1
10021 -1
52016 -1
26034 -1
12027 -1
38007 -1
13 -1
69013 -1
63024 -1
69029 -1
56000 -1
63011 -1
67031 -1
63006 -1
69031 -1
67001 -1
63007 -1
63000 -1
68007 -1
65027 -1
65012 -1
59024 -1
63002 -1
67000 -1
67028 -1
63025 -1
70016 -1
58028 -1
68005 -1
57014 -1
63027 -1
58000 -1
56028 -1
63003 -1
65023 -1
67002 -1
60018 -1
67017 -1
56009 -1
65019 -1
68027 -1
69024 -1
69032 -1
60002 -1
63017 -1
67009 -1
68001 -1
65011 -1
64001 -1
69022 -1
70020 -1
54029 -1
69033 -1
57026 -1
65022 -1
64019 -1
68000 -1
68010 -1
60005 -1
69026 -1
54032 -1
66021 -1
69030 -1
65003 -1
56008 -1
68013 -1
65005 -1
63016 -1
64007 -1
65026 -1
66033 -1
63015 -1
60000 -1
64027 -1
61021 -1
65002 -1
65006 -1
56002 -1
57032 -1
60019 -1
56030 -1
67010 -1
69012 -1
60006 -1
61003 -1
68011 -1
